f1_01000 = 0.6427798710488344
f1_02000 = 0.6802183366948921
f1_03000 = 0.6617062786299134
f1_04000 = 0.7018942561342248
f1_05000 = 0.7050264620026228
f1_06000 = 0.7103838993335975
f1_07000 = 0.6949480718599826
f1_08000 = 0.7041843134488588
f1_09000 = 0.7019227037322795
f1_10000 = 0.7081055385902173
f1_11000 = 0.7040742561912948
f1_12000 = 0.7030107225220366
f1_13000 = 0.7095080692188502
f1_14000 = 0.708815829947317
f1_15000 = 0.6903009491679917
f1_16000 = 0.7095801917965285
f1_17000 = 0.7057944730692377
f1_18000 = 0.699594347219757
f1_19000 = 0.7016534646257908
f1_20000 = 0.7009610985583
f1_21000 = 0.7090475429387555
f1_22000 = 0.701987447116059
f1_23000 = 0.6968859129570718
f1_24000 = 0.7027113030941788
f1_25000 = 0.7046292795058954
f1_26000 = 0.7040166243744218
f1_27000 = 0.7022757366554735
f1_28000 = 0.7055369045463424
loss_01000 = 0.9500613779741891
loss_02000 = 0.8595171633119486
loss_03000 = 0.894412891141006
loss_04000 = 0.8454497667903803
loss_05000 = 0.788253632279075
loss_06000 = 0.8094156682491302
loss_07000 = 0.8485296150403363
loss_08000 = 0.9203088522261503
loss_09000 = 0.9200475250883978
loss_10000 = 0.8775571879683709
loss_11000 = 1.017587033157446
loss_12000 = 1.0728894501012198
loss_13000 = 1.006528609565326
loss_14000 = 1.0132190715901706
loss_15000 = 1.193341735522358
loss_16000 = 1.1965383504878502
loss_17000 = 1.1492081927705784
loss_18000 = 1.3392763837259642
loss_19000 = 1.2949389502102016
loss_20000 = 1.3587994192327773
loss_21000 = 1.315178515655654
loss_22000 = 1.474635736066468
loss_23000 = 1.483995760277826
loss_24000 = 1.4579479943732827
loss_25000 = 1.585423587688378
loss_26000 = 1.604049525242679
loss_27000 = 1.618860623818271
loss_28000 = 1.6017185402463894
precision_01000 = 0.6752512048893625
precision_02000 = 0.6904787062376602
precision_03000 = 0.6935732728070818
precision_04000 = 0.7102364960076438
precision_05000 = 0.7058153940077295
precision_06000 = 0.7139000693415527
precision_07000 = 0.7040317150875695
precision_08000 = 0.7068673674055139
precision_09000 = 0.7111487088499152
precision_10000 = 0.7140236368190805
precision_11000 = 0.7075245742223235
precision_12000 = 0.7054808160643714
precision_13000 = 0.7090097811302751
precision_14000 = 0.7102735254936011
precision_15000 = 0.6940783525540721
precision_16000 = 0.7106293706182845
precision_17000 = 0.7095017081803273
precision_18000 = 0.7064534667339476
precision_19000 = 0.7015670693244168
precision_20000 = 0.7048266071394412
precision_21000 = 0.7106732129313167
precision_22000 = 0.7069873745309354
precision_23000 = 0.7003534715617633
precision_24000 = 0.7062244759805788
precision_25000 = 0.707112198734539
precision_26000 = 0.7065930036917284
precision_27000 = 0.7071429290287075
precision_28000 = 0.7078726356817793
recall_01000 = 0.6493900007973846
recall_02000 = 0.678574276373495
recall_03000 = 0.6683677537676421
recall_04000 = 0.7020971214416714
recall_05000 = 0.7096722749382027
recall_06000 = 0.7110278287217925
recall_07000 = 0.7032931983095447
recall_08000 = 0.705525875129575
recall_09000 = 0.6993062754166335
recall_10000 = 0.7064827366238737
recall_11000 = 0.7044095367195599
recall_12000 = 0.7029742444781117
recall_13000 = 0.7123036440475241
recall_14000 = 0.7111075671796507
recall_15000 = 0.6898971373893629
recall_16000 = 0.7109480902639342
recall_17000 = 0.7036918905988359
recall_18000 = 0.7017781676102384
recall_19000 = 0.7022565983573877
recall_20000 = 0.7018579060680966
recall_21000 = 0.7093533211067697
recall_22000 = 0.7015389522366637
recall_23000 = 0.6973128139701779
recall_24000 = 0.7028147675623954
recall_25000 = 0.7050474443824256
recall_26000 = 0.7051271828402839
recall_27000 = 0.7014592137788055
recall_28000 = 0.7057650905031496
