loss_01000 = 1.0453730867505073
loss_02000 = 0.9837470337450505
loss_03000 = 0.9499611488282681
loss_04000 = 0.9082501614093781
loss_05000 = 0.8676466015636921
loss_06000 = 0.8412235087255637
loss_07000 = 0.8215925999241216
loss_08000 = 0.7853108389470727
loss_09000 = 0.7566599022034142
loss_10000 = 0.7345694687828421
loss_11000 = 0.7118360754725608
loss_12000 = 0.6840254580670346
loss_13000 = 0.6621412329794123
loss_14000 = 0.6435468538387545
loss_15000 = 0.6213906773276627
loss_16000 = 0.6008581806446891
loss_17000 = 0.5834126345353091
loss_18000 = 0.5673321719699436
loss_19000 = 0.5492571141248275
loss_20000 = 0.5335073971984442
loss_21000 = 0.5196731546841827
loss_22000 = 0.5048521092682654
loss_23000 = 0.49086267621450774
loss_24000 = 0.47827344792019966
loss_25000 = 0.46670386560129
loss_26000 = 0.45459977652223854
loss_27000 = 0.4431678097976147
loss_28000 = 0.43268207228755845
